Date,Confirmed,Recovered,Deaths,NewCases
2020-01-22,1.0,0.0,0.0,
2020-01-23,1.0,0.0,0.0,0.0
2020-01-24,2.0,0.0,0.0,1.0
2020-01-25,2.0,0.0,0.0,0.0
2020-01-26,5.0,0.0,0.0,3.0
2020-01-27,5.0,0.0,0.0,0.0
2020-01-28,5.0,0.0,0.0,0.0
2020-01-29,5.0,0.0,0.0,0.0
2020-01-30,5.0,0.0,0.0,0.0
2020-01-31,6.0,0.0,0.0,1.0
2020-02-01,8.0,0.0,0.0,2.0
2020-02-02,8.0,0.0,0.0,0.0
2020-02-03,11.0,0.0,0.0,3.0
2020-02-04,11.0,0.0,0.0,0.0
2020-02-05,12.0,0.0,0.0,1.0
2020-02-06,12.0,0.0,0.0,0.0
2020-02-07,12.0,0.0,0.0,0.0
2020-02-08,12.0,0.0,0.0,0.0
2020-02-09,12.0,3.0,0.0,0.0
2020-02-10,12.0,3.0,0.0,0.0
2020-02-11,13.0,3.0,0.0,1.0
2020-02-12,13.0,3.0,0.0,0.0
2020-02-13,15.0,3.0,0.0,2.0
2020-02-14,15.0,3.0,0.0,0.0
2020-02-15,15.0,3.0,0.0,0.0
2020-02-16,15.0,3.0,0.0,0.0
2020-02-17,15.0,3.0,0.0,0.0
2020-02-18,15.0,3.0,0.0,0.0
2020-02-19,15.0,3.0,0.0,0.0
2020-02-20,15.0,3.0,0.0,0.0
2020-02-21,35.0,5.0,0.0,20.0
2020-02-22,35.0,5.0,0.0,0.0
2020-02-23,35.0,5.0,0.0,0.0
2020-02-24,53.0,5.0,0.0,18.0
2020-02-25,53.0,6.0,0.0,0.0
2020-02-26,59.0,6.0,0.0,6.0
2020-02-27,60.0,6.0,0.0,1.0
2020-02-28,62.0,7.0,0.0,2.0
2020-02-29,70.0,7.0,1.0,8.0
2020-03-01,76.0,7.0,1.0,6.0
2020-03-02,101.0,7.0,6.0,25.0
2020-03-03,122.0,8.0,7.0,21.0
2020-03-04,153.0,8.0,11.0,31.0
2020-03-05,221.0,8.0,12.0,68.0
2020-03-06,278.0,8.0,14.0,57.0
2020-03-07,417.0,8.0,17.0,139.0
2020-03-08,537.0,8.0,21.0,120.0
2020-03-09,605.0,8.0,22.0,68.0
2020-03-10,959.0,8.0,28.0,354.0
2020-03-11,1281.0,8.0,36.0,322.0
2020-03-12,1663.0,12.0,40.0,382.0
2020-03-13,2179.0,12.0,47.0,516.0
2020-03-14,2726.0,12.0,54.0,547.0
2020-03-15,3499.0,12.0,63.0,773.0
2020-03-16,4632.0,17.0,85.0,1133.0
2020-03-17,6421.0,17.0,108.0,1789.0
2020-03-18,7786.0,106.0,118.0,1365.0
2020-03-19,13680.0,108.0,200.0,5894.0
2020-03-20,19101.0,147.0,244.0,5421.0
2020-03-21,25514.0,171.0,307.0,6413.0
2020-03-22,33848.0,0.0,427.0,8334.0
2020-03-23,43663.0,0.0,552.0,9815.0
2020-03-24,53736.0,348.0,706.0,10073.0
2020-03-25,65778.0,361.0,942.0,12042.0
2020-03-26,83836.0,681.0,1209.0,18058.0
2020-03-27,101657.0,869.0,1581.0,17821.0
2020-03-28,121465.0,1072.0,2026.0,19808.0
2020-03-29,140909.0,2665.0,2467.0,19444.0
2020-03-30,161831.0,5644.0,2978.0,20922.0
2020-03-31,188172.0,7024.0,3873.0,26341.0
2020-04-01,213372.0,8474.0,4757.0,25200.0
2020-04-02,243599.0,9001.0,5926.0,30227.0
2020-04-03,275586.0,9707.0,7087.0,31987.0
2020-04-04,308853.0,14652.0,8407.0,33267.0
2020-04-05,337072.0,17448.0,9619.0,28219.0
2020-04-06,366667.0,19581.0,10783.0,29595.0
2020-04-07,396223.0,21763.0,12722.0,29556.0
2020-04-08,429052.0,23559.0,14695.0,32829.0
2020-04-09,461437.0,25410.0,16478.0,32385.0
2020-04-10,496535.0,28790.0,18586.0,35098.0
2020-04-11,526396.0,31270.0,20462.0,29861.0
2020-04-12,555313.0,32988.0,22019.0,28917.0
2020-04-13,580619.0,43482.0,23528.0,25306.0
2020-04-14,607670.0,47763.0,25831.0,27051.0
2020-04-15,636350.0,52096.0,28325.0,28680.0
2020-04-16,667801.0,54703.0,32916.0,31451.0
2020-04-17,699706.0,58545.0,36773.0,31905.0
2020-04-18,732197.0,64840.0,38664.0,32491.0
2020-04-19,759086.0,70337.0,40661.0,26889.0
2020-04-20,784326.0,72329.0,42094.0,25240.0
2020-04-21,811865.0,75204.0,44444.0,27539.0
2020-04-22,840220.0,77366.0,46622.0,28355.0
2020-04-23,869170.0,80203.0,49954.0,28950.0
2020-04-24,905333.0,99079.0,51949.0,36163.0
2020-04-25,938154.0,100372.0,53755.0,32821.0
2020-04-26,965783.0,106988.0,54881.0,27629.0
2020-04-27,988090.0,111424.0,56259.0,22307.0
2020-04-28,1012582.0,115936.0,58355.0,24492.0
2020-04-29,1039909.0,120720.0,60967.0,27327.0
2020-04-30,1069424.0,153947.0,62996.0,29515.0
2020-05-01,1103461.0,164015.0,64943.0,34037.0
2020-05-02,1132539.0,175382.0,66369.0,29078.0
2020-05-03,1158040.0,180152.0,67682.0,25501.0
2020-05-04,1180375.0,187180.0,68922.0,22335.0
2020-05-05,1204351.0,189791.0,71064.0,23976.0
2020-05-06,1228603.0,189910.0,73431.0,24252.0
2020-05-07,1257023.0,195036.0,75662.0,28420.0
2020-05-08,1283929.0,198993.0,77180.0,26906.0
2020-05-09,1309550.0,212534.0,78795.0,25621.0
2020-05-10,1329260.0,216169.0,79526.0,19710.0
2020-05-11,1347881.0,232733.0,80682.0,18621.0
2020-05-12,1369574.0,230287.0,82376.0,21693.0
2020-05-13,1390406.0,243430.0,84119.0,20832.0
2020-05-14,1417774.0,246414.0,85898.0,27368.0
2020-05-15,1442824.0,250747.0,87530.0,25050.0
2020-05-16,1467820.0,268376.0,88754.0,24996.0
2020-05-17,1486757.0,272265.0,89562.0,18937.0
2020-05-18,1508308.0,283178.0,90347.0,21551.0
2020-05-19,1528568.0,289392.0,91921.0,20260.0
2020-05-20,1551853.0,294312.0,93439.0,23285.0
2020-05-21,1577147.0,298418.0,94702.0,25294.0
2020-05-22,1600937.0,350135.0,95979.0,23790.0
2020-05-23,1622612.0,361239.0,97087.0,21675.0
2020-05-24,1643246.0,366736.0,97720.0,20634.0
2020-05-25,1662302.0,379157.0,98220.0,19056.0
2020-05-26,1680913.0,384902.0,98913.0,18611.0
2020-05-27,1699176.0,391508.0,100418.0,18263.0
2020-05-28,1721753.0,399991.0,101616.0,22577.0
2020-05-29,1746019.0,406446.0,102809.0,24266.0
2020-05-30,1770165.0,416461.0,103776.0,24146.0
2020-05-31,1790172.0,444758.0,104381.0,20007.0
2020-06-01,1811020.0,458231.0,105149.0,20848.0
2020-06-02,1831821.0,463868.0,106180.0,20801.0
2020-06-03,1851520.0,479258.0,107175.0,19699.0
2020-06-04,1872660.0,485002.0,108211.0,21140.0
2020-06-05,1902632.0,491706.0,109373.0,29972.0
2020-06-06,1925765.0,500849.0,110084.0,23133.0
2020-06-07,1943880.0,506367.0,110528.0,18115.0
2020-06-08,1961428.0,518522.0,111011.0,17548.0
2020-06-09,1979489.0,524860.0,111989.0,18061.0
2020-06-10,2000464.0,533504.0,112924.0,20975.0
2020-06-11,2023347.0,540292.0,113820.0,22883.0
2020-06-12,2048986.0,547386.0,114669.0,25639.0
2020-06-13,2074526.0,556606.0,115436.0,25540.0
2020-06-14,2094058.0,561816.0,115732.0,19532.0
2020-06-15,2114026.0,576334.0,116127.0,19968.0
2020-06-16,2137731.0,583503.0,116963.0,23705.0
2020-06-17,2163290.0,592191.0,117717.0,25559.0
2020-06-18,2191053.0,599115.0,118438.0,27763.0
2020-06-19,2222812.0,606715.0,119125.0,31759.0
2020-06-20,2255119.0,617460.0,119719.0,32307.0
2020-06-21,2281290.0,622133.0,119977.0,26171.0
2020-06-22,2312300.0,640198.0,120402.0,31010.0
2020-06-23,2347022.0,647548.0,121228.0,34722.0
2020-06-24,2381493.0,656161.0,121980.0,34471.0
2020-06-25,2422299.0,663562.0,124410.0,40806.0
2020-06-26,2467554.0,670809.0,125039.0,45255.0
2020-06-27,2510151.0,679308.0,125539.0,42597.0
2020-06-28,2548996.0,685164.0,125803.0,38845.0
2020-06-29,2590651.0,705203.0,126140.0,41655.0
2020-06-30,2635417.0,720631.0,127417.0,44766.0
2020-07-01,2686258.0,729994.0,128062.0,50841.0
2020-07-02,2739879.0,781970.0,128740.0,53621.0
2020-07-03,2794153.0,790404.0,129434.0,54274.0
2020-07-04,2839436.0,894325.0,129676.0,45283.0
2020-07-05,2888635.0,906763.0,129947.0,49199.0
2020-07-06,2936077.0,924148.0,130285.0,47442.0
2020-07-07,2996098.0,936476.0,131480.0,60021.0
2020-07-08,3054699.0,953420.0,132300.0,58601.0
2020-07-09,3117946.0,969111.0,133290.0,63247.0
2020-07-10,3184573.0,983185.0,134092.0,66627.0
2020-07-11,3245925.0,995576.0,134777.0,61352.0
2020-07-12,3304942.0,1006326.0,135205.0,59017.0
2020-07-13,3364157.0,1031939.0,135566.0,59215.0
2020-07-14,3431574.0,1049098.0,136466.0,67417.0
2020-07-15,3497847.0,1075882.0,137407.0,66273.0
2020-07-16,3576157.0,1090645.0,138358.0,78310.0
2020-07-17,3647715.0,1107204.0,139266.0,71558.0
2020-07-18,3711413.0,1122720.0,140119.0,63698.0
2020-07-19,3773260.0,1131121.0,140534.0,61847.0
2020-07-20,3834677.0,1160087.0,140913.0,61417.0
2020-07-21,3899211.0,1182018.0,141995.0,64534.0
2020-07-22,3970085.0,1210849.0,143190.0,70874.0
2020-07-23,4038748.0,1233269.0,144304.0,68663.0
2020-07-24,4112531.0,1261624.0,145546.0,73783.0
2020-07-25,4178021.0,1279414.0,146460.0,65490.0
2020-07-26,4233923.0,1297863.0,146935.0,55902.0
2020-07-27,4290337.0,1325804.0,148012.0,56414.0
2020-07-28,4356206.0,1355363.0,149310.0,65869.0
2020-07-29,4426982.0,1389425.0,150713.0,70776.0
2020-07-30,4495015.0,1414155.0,152055.0,68033.0
2020-07-31,4562038.0,1438160.0,153314.0,67023.0
2020-08-01,4620444.0,1461885.0,154447.0,58406.0
