Date,Country,Confirmed,Deaths,NewCases,Recovered
2020-01-22,USA,,,,
2020-01-23,USA,,,0.0,
2020-01-24,USA,,,1.0,
2020-01-25,USA,,,0.0,
2020-01-26,USA,,,3.0,
2020-01-27,USA,,,0.0,
2020-01-28,USA,,,0.0,
2020-01-29,USA,,,0.0,
2020-01-30,USA,,,0.0,
2020-01-31,USA,,,1.0,
2020-02-01,USA,,,2.0,
2020-02-02,USA,,,0.0,
2020-02-03,USA,,,3.0,
2020-02-04,USA,,,0.0,
2020-02-05,USA,,,1.0,
2020-02-06,USA,,,0.0,
2020-02-07,USA,,,0.0,
2020-02-08,USA,,,0.0,
2020-02-09,USA,,,0.0,
2020-02-10,USA,,,0.0,
2020-02-11,USA,,,1.0,
2020-02-12,USA,,,0.0,
2020-02-13,USA,,,2.0,
2020-02-14,USA,,,0.0,
2020-02-15,USA,,,0.0,
2020-02-16,USA,,,0.0,
2020-02-17,USA,,,0.0,
2020-02-18,USA,,,0.0,
2020-02-19,USA,,,0.0,
2020-02-20,USA,,,0.0,
2020-02-21,USA,,,20.0,
2020-02-22,USA,,,0.0,
2020-02-23,USA,,,0.0,
2020-02-24,USA,,,18.0,
2020-02-25,USA,,,0.0,
2020-02-26,USA,,,6.0,
2020-02-27,USA,,,1.0,
2020-02-28,USA,,,2.0,
2020-02-29,USA,,,8.0,
2020-03-01,USA,,,6.0,
2020-03-02,USA,,,25.0,
2020-03-03,USA,,,21.0,
2020-03-04,USA,,,31.0,
2020-03-05,USA,,,68.0,
2020-03-06,USA,,,57.0,
2020-03-07,USA,,,139.0,
2020-03-08,USA,,,120.0,
2020-03-09,USA,,,68.0,
2020-03-10,USA,,,354.0,
2020-03-11,USA,,,322.0,
2020-03-12,USA,,,382.0,
2020-03-13,USA,,,516.0,
2020-03-14,USA,,,547.0,
2020-03-15,USA,,,773.0,
2020-03-16,USA,,,1133.0,
2020-03-17,USA,,,1789.0,
2020-03-18,USA,,,1365.0,
2020-03-19,USA,,,5894.0,
2020-03-20,USA,,,5421.0,
2020-03-21,USA,,,6413.0,
2020-03-22,USA,,,8334.0,
2020-03-23,USA,,,9815.0,
2020-03-24,USA,,,10073.0,
2020-03-25,USA,,,12042.0,
2020-03-26,USA,,,18058.0,
2020-03-27,USA,,,17821.0,
2020-03-28,USA,,,19808.0,
2020-03-29,USA,,,19444.0,
2020-03-30,USA,,,20922.0,
2020-03-31,USA,,,26341.0,
2020-04-01,USA,,,25200.0,
2020-04-02,USA,,,30227.0,
2020-04-03,USA,,,31987.0,
2020-04-04,USA,,,33267.0,
2020-04-05,USA,,,28219.0,
2020-04-06,USA,,,29595.0,
2020-04-07,USA,,,29556.0,
2020-04-08,USA,,,32829.0,
2020-04-09,USA,,,32385.0,
2020-04-10,USA,,,35098.0,
2020-04-11,USA,,,29861.0,
2020-04-12,USA,,,28917.0,
2020-04-13,USA,,,25306.0,
2020-04-14,USA,,,27051.0,
2020-04-15,USA,,,28680.0,
2020-04-16,USA,,,31451.0,
2020-04-17,USA,,,31905.0,
2020-04-18,USA,,,32491.0,
2020-04-19,USA,,,26889.0,
2020-04-20,USA,,,25240.0,
2020-04-21,USA,,,27539.0,
2020-04-22,USA,,,28355.0,
2020-04-23,USA,,,28950.0,
2020-04-24,USA,,,36163.0,
2020-04-25,USA,,,32821.0,
2020-04-26,USA,,,27629.0,
2020-04-27,USA,,,22307.0,
2020-04-28,USA,,,24492.0,
2020-04-29,USA,,,27327.0,
2020-04-30,USA,,,29515.0,
2020-05-01,USA,,,34037.0,
2020-05-02,USA,,,29078.0,
2020-05-03,USA,,,25501.0,
2020-05-04,USA,,,22335.0,
2020-05-05,USA,,,23976.0,
2020-05-06,USA,,,24252.0,
2020-05-07,USA,,,28420.0,
2020-05-08,USA,,,26906.0,
2020-05-09,USA,,,25621.0,
2020-05-10,USA,,,19710.0,
2020-05-11,USA,,,18621.0,
2020-05-12,USA,,,21693.0,
2020-05-13,USA,,,20832.0,
2020-05-14,USA,,,27368.0,
2020-05-15,USA,,,25050.0,
2020-05-16,USA,,,24996.0,
2020-05-17,USA,,,18937.0,
2020-05-18,USA,,,21551.0,
2020-05-19,USA,,,20260.0,
2020-05-20,USA,,,23285.0,
2020-05-21,USA,,,25294.0,
2020-05-22,USA,,,23790.0,
2020-05-23,USA,,,21675.0,
2020-05-24,USA,,,20634.0,
2020-05-25,USA,,,19056.0,
2020-05-26,USA,,,18611.0,
2020-05-27,USA,,,18263.0,
2020-05-28,USA,,,22577.0,
2020-05-29,USA,,,24266.0,
2020-05-30,USA,,,24146.0,
2020-05-31,USA,,,20007.0,
2020-06-01,USA,,,20848.0,
2020-06-02,USA,,,20801.0,
2020-06-03,USA,,,19699.0,
2020-06-04,USA,,,21140.0,
2020-06-05,USA,,,29972.0,
2020-06-06,USA,,,23133.0,
2020-06-07,USA,,,18115.0,
2020-06-08,USA,,,17548.0,
2020-06-09,USA,,,18061.0,
2020-06-10,USA,,,20975.0,
2020-06-11,USA,,,22883.0,
2020-06-12,USA,,,25639.0,
2020-06-13,USA,,,25540.0,
2020-06-14,USA,,,19532.0,
2020-06-15,USA,,,19968.0,
2020-06-16,USA,,,23705.0,
2020-06-17,USA,,,25559.0,
2020-06-18,USA,,,27763.0,
2020-06-19,USA,,,31759.0,
2020-06-20,USA,,,32307.0,
2020-06-21,USA,,,26171.0,
2020-06-22,USA,,,31010.0,
2020-06-23,USA,,,34722.0,
2020-06-24,USA,,,34471.0,
2020-06-25,USA,,,40806.0,
2020-06-26,USA,,,45255.0,
2020-06-27,USA,,,42597.0,
2020-06-28,USA,,,38845.0,
2020-06-29,USA,,,41655.0,
2020-06-30,USA,,,44766.0,
2020-07-01,USA,,,50841.0,
2020-07-02,USA,,,53621.0,
2020-07-03,USA,,,54274.0,
2020-07-04,USA,,,45283.0,
2020-07-05,USA,,,49199.0,
2020-07-06,USA,,,47442.0,
2020-07-07,USA,,,60021.0,
2020-07-08,USA,,,58601.0,
2020-07-09,USA,,,63247.0,
2020-07-10,USA,,,66627.0,
2020-07-11,USA,,,61352.0,
2020-07-12,USA,,,59017.0,
2020-07-13,USA,,,59215.0,
2020-07-14,USA,,,67417.0,
2020-07-15,USA,,,66273.0,
2020-07-16,USA,,,78310.0,
2020-07-17,USA,,,71558.0,
2020-07-18,USA,,,63698.0,
2020-07-19,USA,,,61847.0,
2020-07-20,USA,,,61417.0,
2020-07-21,USA,,,64534.0,
2020-07-22,USA,,,70874.0,
2020-07-23,USA,,,68663.0,
2020-07-24,USA,,,73783.0,
2020-07-25,USA,,,65490.0,
2020-07-26,USA,,,55902.0,
2020-07-27,USA,,,56414.0,
2020-07-28,USA,,,65869.0,
2020-07-29,USA,,,70776.0,
2020-07-30,USA,,,68033.0,
2020-07-31,USA,,,67023.0,
2020-08-01,USA,,,58406.0,
2020-08-02,USA,,,47511.0,
2020-08-03,USA,,,45585.0,
2020-08-04,USA,,,57540.0,
2020-08-05,USA,,,52810.0,
2020-08-06,USA,,,59692.0,
2020-08-07,USA,,,58173.0,
2020-08-08,USA,,,56174.0,
2020-08-09,USA,,,46935.0,
2020-08-10,USA,,,49536.0,
2020-08-11,USA,,,46808.0,
2020-08-12,USA,,,56203.0,
2020-08-13,USA,,,51547.0,
2020-08-14,USA,,,64294.0,
2020-08-15,USA,,,47913.0,
2020-08-16,USA,,,42048.0,
2020-08-17,USA,,,35112.0,
2020-08-18,USA,,,45063.0,
2020-08-19,USA,,,46436.0,
2020-08-20,USA,,,44023.0,
2020-08-21,USA,,,48693.0,
2020-08-22,USA,,,44572.0,
2020-08-23,USA,,,34567.0,
2020-08-24,USA,,,38045.0,
2020-08-25,USA,,,37986.0,
2020-08-26,USA,,,44109.0,
2020-08-27,USA,,,45966.0,
2020-08-28,USA,,,46156.0,
2020-08-29,USA,,,47153.0,
2020-08-30,USA,,,35337.0,
2020-08-31,USA,,,34156.0,
2020-09-01,USA,,,43253.0,
2020-01-22,China,547.0,17.0,,28.0
2020-01-23,China,639.0,18.0,92.0,30.0
2020-01-24,China,916.0,26.0,277.0,36.0
2020-01-25,China,1399.0,42.0,483.0,39.0
2020-01-26,China,2062.0,56.0,663.0,49.0
2020-01-27,China,2863.0,82.0,801.0,58.0
2020-01-28,China,5494.0,131.0,2631.0,101.0
2020-01-29,China,6070.0,133.0,576.0,120.0
2020-01-30,China,8124.0,171.0,2054.0,135.0
2020-01-31,China,9783.0,213.0,1659.0,214.0
2020-02-01,China,11871.0,259.0,2088.0,275.0
2020-02-02,China,16607.0,361.0,4736.0,463.0
2020-02-03,China,19693.0,425.0,3086.0,614.0
2020-02-04,China,23680.0,490.0,3987.0,843.0
2020-02-05,China,27409.0,562.0,3729.0,1115.0
2020-02-06,China,30553.0,632.0,3144.0,1476.0
2020-02-07,China,34075.0,717.0,3522.0,1998.0
2020-02-08,China,36778.0,804.0,2703.0,2595.0
2020-02-09,China,39790.0,904.0,3012.0,3218.0
2020-02-10,China,42306.0,1011.0,2516.0,3917.0
2020-02-11,China,44327.0,1111.0,2021.0,4635.0
2020-02-12,China,44699.0,1116.0,372.0,5079.0
2020-02-13,China,59832.0,1368.0,15133.0,6213.0
2020-02-14,China,66292.0,1520.0,6460.0,7973.0
2020-02-15,China,68347.0,1662.0,2055.0,9294.0
2020-02-16,China,70446.0,1765.0,2099.0,10748.0
2020-02-17,China,72364.0,1863.0,1918.0,12455.0
2020-02-18,China,74139.0,2002.0,1775.0,14199.0
2020-02-19,China,74546.0,2114.0,407.0,15952.0
2020-02-20,China,74999.0,2236.0,453.0,18002.0
2020-02-21,China,75472.0,2236.0,473.0,18693.0
2020-02-22,China,76922.0,2441.0,1450.0,22687.0
2020-02-23,China,76938.0,2443.0,16.0,23170.0
2020-02-24,China,77152.0,2593.0,214.0,24990.0
2020-02-25,China,77660.0,2663.0,508.0,27650.0
2020-02-26,China,78065.0,2715.0,405.0,30053.0
2020-02-27,China,78498.0,2744.0,433.0,32898.0
2020-02-28,China,78824.0,2788.0,326.0,36291.0
2020-02-29,China,79251.0,2835.0,427.0,39279.0
2020-03-01,China,79826.0,2870.0,575.0,42118.0
2020-03-02,China,80026.0,2912.0,200.0,44810.0
2020-03-03,China,80151.0,2945.0,125.0,47404.0
2020-03-04,China,80271.0,2981.0,120.0,49955.0
2020-03-05,China,80422.0,3013.0,151.0,52240.0
2020-03-06,China,80573.0,3042.0,151.0,53888.0
2020-03-07,China,80652.0,3070.0,79.0,55478.0
2020-03-08,China,80699.0,3097.0,47.0,57320.0
2020-03-09,China,80735.0,3120.0,36.0,58735.0
2020-03-10,China,80757.0,3136.0,22.0,60106.0
2020-03-11,China,80921.0,3161.0,164.0,61644.0
2020-03-12,China,80932.0,3172.0,11.0,62901.0
2020-03-13,China,80945.0,3180.0,13.0,64196.0
2020-03-14,China,80977.0,3193.0,32.0,65660.0
2020-03-15,China,81003.0,3203.0,26.0,67017.0
2020-03-16,China,81033.0,3217.0,30.0,67910.0
2020-03-17,China,81058.0,3230.0,25.0,68798.0
2020-03-18,China,81102.0,3241.0,44.0,69755.0
2020-03-19,China,81156.0,3249.0,54.0,70535.0
2020-03-20,China,81250.0,3253.0,94.0,71266.0
2020-03-21,China,81305.0,3259.0,55.0,71857.0
2020-03-22,China,81397.0,3265.0,92.0,72362.0
2020-03-23,China,81496.0,3274.0,99.0,72819.0
2020-03-24,China,81591.0,3281.0,95.0,73274.0
2020-03-25,China,81661.0,3285.0,70.0,73767.0
2020-03-26,China,81782.0,3291.0,121.0,74175.0
2020-03-27,China,81897.0,3296.0,115.0,74714.0
2020-03-28,China,81999.0,3299.0,102.0,75094.0
2020-03-29,China,82122.0,3304.0,123.0,75576.0
2020-03-30,China,82198.0,3308.0,76.0,75917.0
2020-03-31,China,82279.0,3309.0,81.0,76200.0
2020-04-01,China,82361.0,3316.0,82.0,76399.0
2020-04-02,China,82432.0,3322.0,71.0,76565.0
2020-04-03,China,82511.0,3326.0,79.0,76760.0
2020-04-04,China,82543.0,3330.0,32.0,76946.0
2020-04-05,China,82602.0,3333.0,59.0,77207.0
2020-04-06,China,82665.0,3335.0,63.0,77310.0
2020-04-07,China,82718.0,3335.0,53.0,77410.0
2020-04-08,China,82809.0,3337.0,91.0,77567.0
2020-04-09,China,82883.0,3339.0,74.0,77679.0
2020-04-10,China,82941.0,3340.0,58.0,77791.0
2020-04-11,China,83014.0,3343.0,73.0,77877.0
2020-04-12,China,83134.0,3343.0,120.0,77956.0
2020-04-13,China,83213.0,3345.0,79.0,78039.0
2020-04-14,China,83306.0,3345.0,93.0,78200.0
2020-04-15,China,83356.0,3346.0,50.0,78311.0
2020-04-16,China,83403.0,3346.0,47.0,78401.0
2020-04-17,China,83760.0,4636.0,357.0,77552.0
2020-04-18,China,83787.0,4636.0,27.0,77614.0
2020-04-19,China,83805.0,4636.0,18.0,77690.0
2020-04-20,China,83817.0,4636.0,12.0,77745.0
2020-04-21,China,83853.0,4636.0,36.0,77799.0
2020-04-22,China,83868.0,4636.0,15.0,77861.0
2020-04-23,China,83884.0,4636.0,16.0,77983.0
2020-04-24,China,83899.0,4636.0,15.0,78109.0
2020-04-25,China,83909.0,4636.0,10.0,78175.0
2020-04-26,China,83912.0,4637.0,3.0,78277.0
2020-04-27,China,83918.0,4637.0,6.0,78374.0
2020-04-28,China,83940.0,4637.0,22.0,78422.0
2020-04-29,China,83944.0,4637.0,4.0,78474.0
2020-04-30,China,83956.0,4637.0,12.0,78523.0
2020-05-01,China,83959.0,4637.0,3.0,78573.0
2020-05-02,China,83959.0,4637.0,0.0,78586.0
2020-05-03,China,83964.0,4637.0,5.0,78684.0
2020-05-04,China,83966.0,4637.0,2.0,78792.0
2020-05-05,China,83968.0,4637.0,2.0,78870.0
2020-05-06,China,83970.0,4637.0,2.0,78929.0
2020-05-07,China,83975.0,4637.0,5.0,78977.0
2020-05-08,China,83976.0,4637.0,1.0,78993.0
2020-05-09,China,83990.0,4637.0,14.0,79127.0
2020-05-10,China,84010.0,4637.0,20.0,79167.0
2020-05-11,China,84011.0,4637.0,1.0,79198.0
2020-05-12,China,84018.0,4637.0,7.0,79222.0
2020-05-13,China,84024.0,4637.0,6.0,79246.0
2020-05-14,China,84029.0,4637.0,5.0,79261.0
2020-05-15,China,84038.0,4637.0,9.0,79281.0
2020-05-16,China,84044.0,4638.0,6.0,79293.0
2020-05-17,China,84054.0,4638.0,10.0,79306.0
2020-05-18,China,84063.0,4638.0,9.0,79310.0
2020-05-19,China,84063.0,4638.0,0.0,79310.0
2020-05-20,China,84063.0,4638.0,0.0,79310.0
2020-05-21,China,84063.0,4638.0,0.0,79310.0
2020-05-22,China,84081.0,4638.0,18.0,79332.0
2020-05-23,China,84084.0,4638.0,3.0,79335.0
2020-05-24,China,84095.0,4638.0,11.0,79343.0
2020-05-25,China,84102.0,4638.0,7.0,79352.0
2020-05-26,China,84103.0,4638.0,1.0,79358.0
2020-05-27,China,84106.0,4638.0,3.0,79367.0
2020-05-28,China,84106.0,4638.0,0.0,79371.0
2020-05-29,China,84123.0,4638.0,17.0,79382.0
2020-05-30,China,84128.0,4638.0,5.0,79386.0
2020-05-31,China,84146.0,4638.0,18.0,79389.0
2020-06-01,China,84154.0,4638.0,8.0,79398.0
2020-06-02,China,84161.0,4638.0,7.0,79400.0
2020-06-03,China,84160.0,4638.0,-1.0,79404.0
2020-06-04,China,84171.0,4638.0,11.0,79415.0
2020-06-05,China,84177.0,4638.0,6.0,79420.0
2020-06-06,China,84186.0,4638.0,9.0,79424.0
2020-06-07,China,84191.0,4638.0,5.0,79434.0
2020-06-08,China,84195.0,4638.0,4.0,79444.0
2020-06-09,China,84198.0,4638.0,3.0,79451.0
2020-06-10,China,84209.0,4638.0,11.0,79456.0
2020-06-11,China,84216.0,4638.0,7.0,79464.0
2020-06-12,China,84228.0,4638.0,12.0,79472.0
2020-06-13,China,84286.0,4638.0,58.0,79475.0
2020-06-14,China,84335.0,4638.0,49.0,79482.0
2020-06-15,China,84378.0,4638.0,43.0,79489.0
2020-06-16,China,84422.0,4638.0,44.0,79493.0
2020-06-17,China,84458.0,4638.0,36.0,79510.0
2020-06-18,China,84494.0,4638.0,36.0,79515.0
2020-06-19,China,84494.0,4638.0,0.0,79515.0
2020-06-20,China,84553.0,4639.0,59.0,79534.0
2020-06-21,China,84572.0,4639.0,19.0,79535.0
2020-06-22,China,84624.0,4639.0,52.0,79547.0
2020-06-23,China,84653.0,4640.0,29.0,79555.0
2020-06-24,China,84673.0,4640.0,20.0,79562.0
2020-06-25,China,84701.0,4641.0,28.0,79572.0
2020-06-26,China,84725.0,4641.0,24.0,79580.0
2020-06-27,China,84743.0,4641.0,18.0,79591.0
2020-06-28,China,84757.0,4641.0,14.0,79609.0
2020-06-29,China,84780.0,4641.0,23.0,79619.0
2020-06-30,China,84785.0,4641.0,5.0,79632.0
2020-07-01,China,84816.0,4641.0,31.0,79650.0
2020-07-02,China,84830.0,4641.0,14.0,79665.0
2020-07-03,China,84838.0,4641.0,8.0,79680.0
2020-07-04,China,84857.0,4641.0,19.0,79706.0
2020-07-05,China,84871.0,4641.0,14.0,79718.0
2020-07-06,China,84889.0,4641.0,18.0,79725.0
2020-07-07,China,84917.0,4641.0,28.0,79754.0
2020-07-08,China,84950.0,4641.0,33.0,79802.0
2020-07-09,China,84992.0,4641.0,42.0,79802.0
2020-07-10,China,84992.0,4641.0,0.0,79802.0
2020-07-11,China,85071.0,4641.0,79.0,79876.0
2020-07-12,China,85117.0,4641.0,46.0,79907.0
2020-07-13,China,85117.0,4641.0,0.0,79907.0
2020-07-14,China,85226.0,4642.0,109.0,79967.0
2020-07-15,China,85246.0,4644.0,20.0,80005.0
2020-07-16,China,85314.0,4644.0,68.0,80018.0
2020-07-17,China,85314.0,4644.0,0.0,80018.0
2020-07-18,China,85314.0,4644.0,0.0,80018.0
2020-07-19,China,85314.0,4644.0,0.0,80018.0
2020-07-20,China,85314.0,4644.0,0.0,80018.0
2020-07-21,China,85314.0,4644.0,0.0,80018.0
2020-07-22,China,85906.0,4648.0,592.0,80244.0
2020-07-23,China,86045.0,4649.0,139.0,80297.0
2020-07-24,China,86202.0,4650.0,157.0,80341.0
2020-07-25,China,86381.0,4652.0,179.0,80409.0
2020-07-26,China,86570.0,4652.0,189.0,80459.0
2020-07-27,China,86783.0,4656.0,213.0,80466.0
2020-07-28,China,86990.0,4657.0,207.0,80517.0
2020-07-29,China,87213.0,4658.0,223.0,80594.0
2020-07-30,China,87489.0,4659.0,276.0,80680.0
2020-07-31,China,87655.0,4661.0,166.0,80787.0
2020-08-01,China,87827.0,4667.0,172.0,80907.0
2020-08-02,China,87985.0,4669.0,158.0,81018.0
2020-08-03,China,88099.0,4672.0,114.0,81113.0
2020-08-04,China,88206.0,4676.0,107.0,81234.0
2020-08-05,China,88328.0,4677.0,122.0,81417.0
2020-08-06,China,88460.0,4680.0,132.0,81592.0
2020-08-07,China,88580.0,4681.0,120.0,81788.0
2020-08-08,China,88672.0,4681.0,92.0,81969.0
2020-08-09,China,88793.0,4686.0,121.0,82125.0
2020-08-10,China,88906.0,4689.0,113.0,82247.0
2020-08-11,China,88958.0,4693.0,52.0,82440.0
2020-08-12,China,89045.0,4697.0,87.0,82633.0
2020-08-13,China,89144.0,4700.0,99.0,82804.0
2020-08-14,China,89214.0,4701.0,70.0,82956.0
2020-08-15,China,89279.0,4703.0,65.0,83108.0
2020-08-16,China,89375.0,4703.0,96.0,83200.0
2020-08-17,China,89441.0,4703.0,66.0,83283.0
2020-08-18,China,89494.0,4705.0,53.0,83408.0
2020-08-19,China,89527.0,4706.0,33.0,83566.0
2020-08-20,China,89567.0,4709.0,40.0,83663.0
2020-08-21,China,89616.0,4709.0,49.0,83793.0
2020-08-22,China,89654.0,4711.0,38.0,83924.0
2020-08-23,China,89695.0,4711.0,41.0,83988.0
2020-08-24,China,89718.0,4711.0,23.0,84058.0
2020-08-25,China,89752.0,4712.0,34.0,84168.0
2020-08-26,China,89784.0,4713.0,32.0,84251.0
2020-08-27,China,89814.0,4715.0,30.0,84335.0
2020-08-28,China,89836.0,4718.0,22.0,84419.0
2020-08-29,China,89863.0,4721.0,27.0,84484.0
2020-08-30,China,89895.0,4722.0,32.0,84546.0
2020-08-31,China,89914.0,4723.0,19.0,84594.0
2020-09-01,China,89933.0,4724.0,19.0,84652.0
